1.94662576687117 59
2.14662576687117 94
2.34662576687117 102
2.54662576687117 106
2.74662576687117 98
2.94662576687117 91
3.14662576687117 78
3.34662576687117 60
3.54662576687117 40
3.74662576687117 41
3.94662576687117 41
4.14662576687117 31
4.34662576687117 18
4.54662576687117 29
4.74662576687117 21
4.94662576687117 17
5.14662576687117 9
5.34662576687117 11
5.54662576687117 9
5.74662576687117 8
5.94662576687117 4
6.14662576687117 2
6.34662576687117 2
6.54662576687117 2
6.74662576687117 2
6.94662576687117 1
7.14662576687117 2
7.34662576687117 2
7.54662576687117 0
7.74662576687117 1
7.94662576687117 0
8.14662576687117 0
8.34662576687117 1
8.54662576687117 0
8.74662576687117 1
8.94662576687117 2
9.14662576687117 0
9.34662576687117 1
9.54662576687116 0
9.74662576687116 0
9.94662576687116 1
