1.02735290527344 5
1.22735290527344 5
1.42735290527344 11
1.62735290527344 21
1.82735290527344 16
2.02735290527344 11
2.22735290527344 13
2.42735290527344 18
2.62735290527344 8
2.82735290527344 6
3.02735290527344 17
3.22735290527344 16
3.42735290527344 19
3.62735290527344 22
3.82735290527344 21
4.02735290527344 18
4.22735290527344 13
4.42735290527344 22
4.62735290527344 22
4.82735290527344 20
5.02735290527344 24
5.22735290527344 21
5.42735290527344 19
5.62735290527344 24
5.82735290527344 21
6.02735290527344 29
6.22735290527344 21
6.42735290527344 17
6.62735290527344 26
6.82735290527344 16
7.02735290527344 25
7.22735290527344 17
7.42735290527344 23
7.62735290527344 28
7.82735290527344 26
8.02735290527344 15
8.22735290527344 26
8.42735290527344 39
8.62735290527344 26
8.82735290527344 20
9.02735290527344 38
9.22735290527344 42
9.42735290527344 33
9.62735290527344 19
9.82735290527344 16
10.0273529052734 11
10.2273529052734 7
10.4273529052734 11
10.6273529052734 7
10.8273529052734 7
11.0273529052734 6
11.2273529052734 2
11.4273529052734 4
11.6273529052734 4
11.8273529052734 1
12.0273529052734 2
12.2273529052734 1
12.4273529052734 4
12.6273529052734 0
12.8273529052734 2
13.0273529052734 0
13.2273529052734 0
13.4273529052734 0
13.6273529052734 1
13.8273529052734 0
14.0273529052734 1
14.2273529052734 0
14.4273529052734 0
14.6273529052734 0
14.8273529052734 0
15.0273529052734 0
15.2273529052734 1
