4.10000000000000 2
4.30000000000000 3
4.50000000000000 2
4.70000000000000 3
4.90000000000000 6
5.10000000000000 1
5.30000000000000 3
5.50000000000000 1
5.70000000000000 0
5.90000000000000 0
6.10000000000000 0
6.30000000000000 3
6.50000000000000 1
6.70000000000000 2
6.90000000000000 3
7.10000000000000 2
7.30000000000000 4
7.50000000000000 7
7.70000000000000 3
7.90000000000000 5
8.10000000000000 1
8.30000000000000 4
8.50000000000000 5
8.70000000000000 3
8.90000000000000 4
9.10000000000000 5
9.30000000000000 2
9.50000000000000 3
9.70000000000000 9
9.90000000000000 10
10.1000000000000 7
10.3000000000000 4
10.5000000000000 4
10.7000000000000 1
10.9000000000000 9
11.1000000000000 3
11.3000000000000 6
11.5000000000000 7
11.7000000000000 5
11.9000000000000 10
12.1000000000000 3
12.3000000000000 7
12.5000000000000 5
12.7000000000000 2
12.9000000000000 1
13.1000000000000 2
13.3000000000000 10
13.5000000000000 13
13.7000000000000 6
13.9000000000000 6
14.1000000000000 5
14.3000000000000 4
14.5000000000000 3
14.7000000000000 6
14.9000000000000 11
15.1000000000000 6
15.3000000000000 4
15.5000000000000 4
15.7000000000000 7
15.9000000000000 6
16.1000000000000 1
16.3000000000000 4
16.5000000000000 10
16.7000000000000 14
16.9000000000000 5
17.1000000000000 8
17.3000000000000 3
17.5000000000000 6
17.7000000000000 5
17.9000000000000 6
18.1000000000000 4
18.3000000000000 8
18.5000000000000 9
18.7000000000000 2
18.9000000000000 7
19.1000000000000 6
19.3000000000000 4
19.5000000000000 4
19.7000000000000 5
19.9000000000000 3
20.1000000000000 3
20.3000000000000 7
20.5000000000000 6
20.7000000000000 5
20.9000000000000 5
21.1000000000000 8
21.3000000000000 4
21.5000000000000 6
21.7000000000000 7
21.9000000000000 6
22.1000000000000 2
22.3000000000000 8
22.5000000000000 16
22.7000000000000 7
22.9000000000000 7
23.1000000000000 10
23.3000000000000 5
23.5000000000000 7
23.6999999999999 6
23.8999999999999 7
24.0999999999999 10
24.2999999999999 10
24.4999999999999 8
24.6999999999999 10
24.8999999999999 2
25.0999999999999 5
25.2999999999999 7
25.4999999999999 6
25.6999999999999 6
25.8999999999999 4
26.0999999999999 7
26.2999999999999 6
26.4999999999999 6
26.6999999999999 8
26.8999999999999 5
27.0999999999999 6
27.2999999999999 9
27.4999999999999 4
27.6999999999999 3
27.8999999999999 9
28.0999999999999 7
28.2999999999999 9
28.4999999999999 12
28.6999999999999 8
28.8999999999999 11
29.0999999999999 5
29.2999999999999 5
29.4999999999999 6
29.6999999999999 14
29.8999999999999 8
30.0999999999999 7
30.2999999999999 9
30.4999999999999 15
30.6999999999999 9
30.8999999999999 10
31.0999999999999 10
31.2999999999999 10
31.4999999999999 8
31.6999999999999 14
31.8999999999999 11
32.0999999999999 9
32.2999999999999 19
32.4999999999999 16
32.6999999999999 5
32.8999999999999 7
33.0999999999999 11
33.2999999999999 5
33.4999999999999 9
33.6999999999999 4
33.8999999999999 10
34.0999999999999 5
34.2999999999999 8
34.5000000000000 5
34.7000000000000 2
34.9000000000000 7
35.1000000000000 6
35.3000000000000 6
35.5000000000000 3
35.7000000000000 5
35.9000000000000 0
36.1000000000000 3
36.3000000000000 3
36.5000000000000 3
36.7000000000000 0
36.9000000000000 1
37.1000000000000 1
37.3000000000000 0
37.5000000000000 0
37.7000000000000 1
37.9000000000000 0
38.1000000000000 0
38.3000000000000 0
38.5000000000000 1
38.7000000000000 0
38.9000000000000 0
39.1000000000000 0
39.3000000000000 0
39.5000000000000 0
39.7000000000000 0
39.9000000000000 0
40.1000000000000 2
40.3000000000000 0
40.5000000000000 1
