0.106250000000000 182
0.306250000000000 150
0.506250000000000 115
0.706250000000000 109
0.906250000000000 91
1.10625000000000 69
1.30625000000000 51
1.50625000000000 39
1.70625000000000 38
1.90625000000000 30
2.10625000000000 13
2.30625000000000 17
2.50625000000000 16
2.70625000000000 15
2.90625000000000 9
3.10625000000000 11
3.30625000000000 3
3.50625000000000 5
3.70625000000000 7
3.90625000000000 7
4.10625000000000 2
4.30625000000000 2
4.50625000000000 0
4.70625000000000 0
4.90625000000000 0
5.10625000000000 2
5.30625000000000 2
5.50625000000000 0
5.70625000000000 1
5.90625000000000 0
6.10625000000000 0
6.30625000000000 1
6.50625000000000 1
