0.131104706777666 205
0.331104706777666 137
0.531104706777666 126
0.731104706777666 84
0.931104706777666 93
1.13110470677767 69
1.33110470677767 50
1.53110470677767 43
1.73110470677767 34
1.93110470677767 28
2.13110470677767 16
2.33110470677767 18
2.53110470677767 17
2.73110470677767 11
2.93110470677767 9
3.13110470677767 9
3.33110470677767 7
3.53110470677767 5
3.73110470677767 3
3.93110470677767 3
4.13110470677767 3
4.33110470677767 2
4.53110470677767 1
4.73110470677767 2
4.93110470677767 1
5.13110470677767 4
5.33110470677767 2
5.53110470677767 2
5.73110470677767 2
5.93110470677767 0
6.13110470677767 1
6.33110470677767 0
6.53110470677767 0
6.73110470677767 0
6.93110470677767 0
7.13110470677767 0
7.33110470677767 0
7.53110470677767 0
7.73110470677767 1
