0.223232164041822 230
0.423232164041822 157
0.623232164041821 129
0.823232164041822 104
1.02323216404182 66
1.22323216404182 53
1.42323216404182 58
1.62323216404182 39
1.82323216404182 36
2.02323216404182 21
2.22323216404182 18
2.42323216404182 10
2.62323216404182 12
2.82323216404182 11
3.02323216404182 15
3.22323216404182 3
3.42323216404182 7
3.62323216404182 4
3.82323216404182 4
4.02323216404182 2
4.22323216404182 0
4.42323216404182 1
4.62323216404182 0
4.82323216404182 0
5.02323216404182 0
5.22323216404182 2
5.42323216404182 0
5.62323216404182 0
5.82323216404182 4
6.02323216404182 0
6.22323216404182 0
6.42323216404182 0
6.62323216404182 1
6.82323216404182 0
7.02323216404182 0
7.22323216404182 0
7.42323216404183 0
7.62323216404183 0
7.82323216404183 0
8.02323216404183 0
8.22323216404182 0
8.42323216404182 1
